Rank	EntrezID	Symbol	Score
1	57492	ARID1B	6.312
2	4297	KMT2A	2.903
3	55023	PHIP	1.531
4	1859	DYRK1A	1.452
5	2475	MTOR	1.133
6	93210	PGAP3	0.847
7	9839	ZEB2	0.838
8	171023	ASXL1	0.817
9	4204	MECP2	0.302
10	6595	SMARCA2	-0.055
11	1387	CREBBP	-0.14
12	23545	ATP6V0A2	-0.196
13	10735	STAG2	-0.216
14	9652	TTC37	-0.222
15	5295	PIK3R1	-0.444
16	29123	ANKRD11	-0.485
17	6872	TAF1	-0.518
18	9968	MED12	-0.525
19	22827	PUF60	-0.589
20	27086	FOXP1	-0.879
21	8558	CDK10	-0.911
22	6899	TBX1	-0.917
23	26040	SETBP1	-1.056
24	7862	BRPF1	-1.059
25	182	JAG1	-1.331
26	7528	YY1	-1.336
27	4621	MYH3	-1.339
28	10743	RAI1	-1.415
29	51633	OTUD6B	-1.469
30	55690	PACS1	-1.538
31	523	ATP6V1A	-1.592
32	10847	SRCAP	-1.612
33	816	CAMK2B	-1.728
34	6016	RIT1	-1.86
35	1717	DHCR7	-1.864
36	2033	EP300	-1.893
37	25836	NIPBL	-1.962
38	8289	ARID1A	-2.005
39	55636	CHD7	-2.09
40	6197	RPS6KA3	-2.264
41	25942	SIN3A	-2.309
42	54496	PRMT7	-2.322
43	55869	HDAC8	-2.458
44	55777	MBD5	-2.598
45	4784	NFIX	-2.609
46	23394	ADNP	-2.665
47	9343	EFTUD2	-2.716
48	259232	NALCN	-2.754
49	998	CDC42	-2.872
50	10815	CPLX1	-2.894
51	10785	WDR4	-2.895
52	54870	QRICH1	-2.936
53	9382	COG1	-2.943
54	145173	B3GLCT	-2.946
55	8239	USP9X	-2.956
56	2317	FLNB	-2.98
57	23389	MED13L	-3.015
58	1654	DDX3X	-3.101
59	8085	KMT2D	-3.142
60	10978	CLP1	-3.157
61	57459	GATAD2B	-3.163
62	84720	PIGO	-3.235
63	9772	TMEM94	-3.243
64	25839	COG4	-3.27
65	3480	IGF1R	-3.308
66	64324	NSD1	-3.354
67	93627	TBCK	-3.356
68	5831	PYCR1	-3.391
69	9321	TRIP11	-3.405
70	5977	DPF2	-3.411
71	10522	DEAF1	-3.42
72	57231	SNX14	-3.425
73	9320	TRIP12	-3.447
74	10765	KDM5B	-3.506
75	6925	TCF4	-3.565
76	673	BRAF	-3.651
77	529	ATP6V1E1	-3.675
78	7204	TRIO	-3.698
79	117581	TWIST2	-3.708
80	6833	ABCC8	-3.713
81	24140	FTSJ1	-3.725
82	4893	NRAS	-3.813
83	55209	SETD5	-3.844
84	84992	PIGY	-3.847
85	90161	HS6ST2	-3.853
86	8260	NAA10	-3.877
87	5885	RAD21	-3.918
88	10020	GNE	-3.92
89	54888	NSUN2	-4.001
90	2260	FGFR1	-4.031
91	89910	UBE3B	-4.043
92	1857	DVL3	-4.049
93	2132	EXT2	-4.049
94	815	CAMK2A	-4.058
95	6792	CDKL5	-4.104
96	3265	HRAS	-4.141
97	5604	MAP2K1	-4.19
98	388662	SLC6A17	-4.226
99	3756	KCNH1	-4.272
100	5063	PAK3	-4.329
101	6812	STXBP1	-4.357
102	253738	EBF3	-4.402
103	51322	WAC	-4.472
104	84919	PPP1R15B	-4.51
105	221927	BRAT1	-4.528
106	79813	EHMT1	-4.539
107	64919	BCL11B	-4.549
108	71	ACTG1	-4.555
109	4683	NBN	-4.567
110	158	ADSL	-4.595
111	11043	MID2	-4.595
112	5832	ALDH18A1	-4.626
113	196528	ARID2	-4.644
114	55650	PIGV	-4.648
115	5053	PAH	-4.664
116	5781	PTPN11	-4.694
117	10075	HUWE1	-4.701
118	6905	TBCE	-4.71
119	1968	EIF2S3	-4.751
120	6598	SMARCB1	-4.843
121	649	BMP1	-4.946
122	8621	CDK13	-4.96
123	10664	CTCF	-4.984
124	23384	SPECC1L	-4.996
125	54892	NCAPG2	-4.998
126	80204	FBXO11	-5.004
127	80816	ASXL3	-5.074
128	23096	IQSEC2	-5.082
129	1487	CTBP1	-5.125
130	23019	CNOT1	-5.128
131	22866	CNKSR2	-5.128
132	2186	BPTF	-5.129
133	5144	PDE4D	-5.172
134	51053	GMNN	-5.176
135	23162	MAPK8IP3	-5.212
136	285175	UNC80	-5.218
137	23261	CAMTA1	-5.252
138	7468	NSD2	-5.291
139	9758	FRMPD4	-5.296
140	546	ATRX	-5.33
141	23241	PACS2	-5.348
142	2316	FLNA	-5.37
143	29957	SLC25A24	-5.378
144	284058	KANSL1	-5.394
145	23028	KDM1A	-5.398
146	83696	TRAPPC9	-5.491
147	5528	PPP2R5D	-5.493
148	11133	KPTN	-5.5
149	11253	MAN1B1	-5.524
150	11128	POLR3A	-5.547
151	54499	TMCO1	-5.562
152	9928	KIF14	-5.571
153	54872	PIGG	-5.604
154	11152	WDR45	-5.629
155	64359	NXN	-5.642
156	100151683	RNU4ATAC	-5.653
157	9230	RAB11B	-5.664
158	2182	ACSL4	-5.671
159	6134	RPL10	-5.686
160	5190	PEX6	-5.692
161	5518	PPP2R1A	-5.692
162	4041	LRP5	-5.699
163	93587	TRMT10A	-5.707
164	8726	EED	-5.716
165	3845	KRAS	-5.718
166	1291	COL6A1	-5.744
167	8831	SYNGAP1	-5.766
168	5728	PTEN	-5.767
169	54517	PUS7	-5.779
170	63895	PIEZO2	-5.799
171	6261	RYR1	-5.833
172	8243	SMC1A	-5.839
173	10283	CWC27	-5.855
174	2566	GABRG2	-5.862
175	538	ATP7A	-5.873
176	203068	TUBB	-5.882
177	23522	KAT6B	-5.92
178	139285	AMER1	-5.923
179	4854	NOTCH3	-5.927
180	55906	ZC4H2	-5.929
181	85358	SHANK3	-5.945
182	2200	FBN1	-5.946
183	57511	COG6	-5.952
184	6605	SMARCE1	-5.956
185	23314	SATB2	-5.965
186	84942	WDR73	-5.985
187	11011	TLK2	-5.988
188	5718	PSMD12	-5.994
189	7703	PCGF2	-5.998
190	3479	IGF1	-6.005
191	2290	FOXG1	-6.006
192	4593	MUSK	-6.042
193	55784	MCTP2	-6.133
194	5087	PBX1	-6.135
195	1281	COL3A1	-6.175
196	374654	KIF7	-6.194
197	64093	SMOC1	-6.208
198	5515	PPP2CA	-6.234
199	22907	DHX30	-6.251
200	6664	SOX11	-6.262
201	7020	TFAP2A	-6.282
202	2263	FGFR2	-6.293
203	6697	SPR	-6.3
204	63932	CXORF56	-6.331
205	25782	RAB3GAP2	-6.334
206	84679	SLC9A7	-6.342
207	7994	KAT6A	-6.343
208	7707	ZNF148	-6.366
209	867	CBL	-6.369
210	169792	GLIS3	-6.397
211	201163	FLCN	-6.422
212	2146	EZH2	-6.434
213	6857	SYT1	-6.462
214	4998	ORC1	-6.501
215	7403	KDM6A	-6.502
216	3767	KCNJ11	-6.516
217	5058	PAK1	-6.524
218	6601	SMARCC2	-6.548
219	8493	PPM1D	-6.567
220	5727	PTCH1	-6.574
221	4841	NONO	-6.589
222	55780	ERMARD	-6.601
223	64131	XYLT1	-6.603
224	6418	SET	-6.619
225	54968	TMEM70	-6.62
226	2068	ERCC2	-6.627
227	8295	TRRAP	-6.66
228	1741	DLG3	-6.661
229	8450	CUL4B	-6.672
230	10269	ZMPSTE24	-6.709
231	7227	TRPS1	-6.713
232	8425	LTBP4	-6.719
233	7552	ZNF711	-6.723
234	4000	LMNA	-6.753
235	271	AMPD2	-6.776
236	1855	DVL1	-6.792
237	10381	TUBB3	-6.797
238	3211	HOXB1	-6.802
239	3192	HNRNPU	-6.841
240	29920	PYCR2	-6.841
241	55714	TENM3	-6.856
242	55603	TENT5A	-6.865
243	2892	GRIA3	-6.873
244	7319	UBE2A	-6.877
245	7355	SLC35A2	-6.891
246	4212	MEIS2	-6.9
247	4089	SMAD4	-6.902
248	4709	NDUFB3	-6.933
249	55904	KMT2E	-6.935
250	4208	MEF2C	-6.951
251	2904	GRIN2B	-6.953
252	23135	KDM6B	-6.974
253	8091	HMGA2	-6.974
254	10479	SLC9A6	-6.975
255	51010	EXOSC3	-6.982
256	57003	CCDC47	-7.005
257	274	BIN1	-7.012
258	79868	ALG13	-7.029
259	119559	SFXN4	-7.034
260	2332	FMR1	-7.039
261	1457	CSNK2A1	-7.063
262	1756	DMD	-7.063
263	56975	FAM20C	-7.081
264	63931	MRPS14	-7.107
265	6492	SIM1	-7.112
266	6888	TALDO1	-7.121
267	28514	DLL1	-7.131
268	7469	NELFA	-7.132
269	2893	GRIA4	-7.136
270	283489	CHAMP1	-7.139
271	6309	SC5D	-7.151
272	65109	UPF3B	-7.16
273	6885	MAP3K7	-7.16
274	9487	PIGL	-7.169
275	54551	MAGEL2	-7.175
276	7546	ZIC2	-7.183
277	9373	PLAA	-7.201
278	8905	AP1S2	-7.233
279	50801	KCNK4	-7.234
280	170302	ARX	-7.239
281	8924	HERC2	-7.244
282	3832	KIF11	-7.254
283	372	ARCN1	-7.285
284	1213	CLTC	-7.29
285	5605	MAP2K2	-7.29
286	6611	SMS	-7.297
287	1105	CHD1	-7.301
288	4983	OPHN1	-7.307
289	84188	FAR1	-7.356
290	10466	COG5	-7.372
291	84667	HES7	-7.378
292	23221	RHOBTB2	-7.385
293	175	AGA	-7.39
294	23594	ORC6	-7.412
295	80232	WDR26	-7.424
296	3190	HNRNPK	-7.426
297	6942	TCF20	-7.431
298	25914	RTTN	-7.435
299	9509	ADAMTS2	-7.467
300	6323	SCN1A	-7.485
301	27125	AFF4	-7.5
302	25973	PARS2	-7.501
303	113189	CHST14	-7.502
304	29940	DSE	-7.508
305	79158	GNPTAB	-7.512
306	116150	NUS1	-7.513
307	26053	AUTS2	-7.518
308	1009	CDH11	-7.521
309	10084	PQBP1	-7.538
310	55644	OSGEP	-7.553
311	8573	CASK	-7.555
312	2697	GJA1	-7.578
313	79796	ALG9	-7.578
314	55252	ASXL2	-7.583
315	118429	ANTXR2	-7.589
316	23592	LEMD3	-7.592
317	84300	UQCC2	-7.601
318	1193	CLIC2	-7.606
319	4853	NOTCH2	-7.613
320	2812	GP1BB	-7.613
321	672	BRCA1	-7.621
322	26224	FBXL3	-7.626
323	84168	ANTXR1	-7.66
324	79728	PALB2	-7.668
325	26580	BSCL2	-7.674
326	9894	TELO2	-7.681
327	5422	POLA1	-7.722
328	10716	TBR1	-7.735
329	27315	PGAP2	-7.738
330	6878	TAF6	-7.747
331	11141	IL1RAPL1	-7.748
332	1822	ATN1	-7.75
333	28952	CCDC22	-7.764
334	84340	GFM2	-7.771
335	84295	PHF6	-7.794
336	57498	KIDINS220	-7.795
337	5894	RAF1	-7.804
338	23133	PHF8	-7.804
339	4010	LMX1B	-7.809
340	7290	HIRA	-7.825
341	2245	FGD1	-7.826
342	23556	PIGN	-7.833
343	2137	EXTL3	-7.833
344	6597	SMARCA4	-7.835
345	10733	PLK4	-7.838
346	60	ACTB	-7.849
347	6567	SLC16A2	-7.859
348	547	KIF1A	-7.877
349	9897	WASHC5	-7.879
350	55691	FRMD4A	-7.884
351	1278	COL1A2	-7.89
352	1781	DYNC1I2	-7.9
353	990	CDC6	-7.901
354	6651	SON	-7.907
355	389856	USP27X	-7.915
356	6659	SOX4	-7.924
357	91949	COG7	-7.949
358	10484	SEC23A	-7.963
359	10982	MAPRE2	-7.972
360	6535	SLC6A8	-7.973
361	10717	AP4B1	-7.976
362	27245	AHDC1	-7.994
363	55210	ATAD3A	-7.999
364	1725	DHPS	-8.003
365	6571	SLC18A2	-8.008
366	57465	TBC1D24	-8.009
367	729920	CRPPA	-8.009
368	389827	MYMK	-8.011
369	1107	CHD3	-8.015
370	473	RERE	-8.016
371	3295	HSD17B4	-8.017
372	10262	SF3B4	-8.022
373	10683	DLL3	-8.035
374	7592	ZNF41	-8.047
375	85476	GFM1	-8.053
376	4694	NDUFA1	-8.058
377	28960	DCPS	-8.076
378	80185	TTI2	-8.087
379	23126	POGZ	-8.098
380	10128	LRPPRC	-8.134
381	85440	DOCK7	-8.143
382	6239	RREB1	-8.151
383	57531	HACE1	-8.152
384	50485	SMARCAL1	-8.159
385	137492	VPS37A	-8.165
386	1312	COMT	-8.166
387	2626	GATA4	-8.166
388	116442	RAB39B	-8.173
389	50651	SLC45A1	-8.177
390	55180	LINS1	-8.183
391	421	ARVCF	-8.183
392	10352	WARS2	-8.184
393	7253	TSHR	-8.186
394	8270	LAGE3	-8.188
395	113179	ADAT3	-8.189
396	9158	FIBP	-8.196
397	1806	DPYD	-8.197
398	8242	KDM5C	-8.199
399	6712	SPTBN2	-8.205
400	3981	LIG4	-8.222
401	64135	IFIH1	-8.257
402	3954	LETM1	-8.258
403	1399	CRKL	-8.259
404	1482	NKX2-5	-8.266
405	8942	KYNU	-8.277
406	1280	COL2A1	-8.282
407	9757	KMT2B	-8.282
408	5447	POR	-8.282
409	6299	SALL1	-8.304
410	4920	ROR2	-8.306
411	8546	AP3B1	-8.324
412	26047	CNTNAP2	-8.34
413	2736	GLI2	-8.345
414	5373	PMM2	-8.355
415	57477	SHROOM4	-8.356
416	100033413	SNORD116-1	-8.364
417	9853	RUSC2	-8.393
418	9896	FIG4	-8.4
419	2629	GBA	-8.408
420	1146	CHRNG	-8.422
421	56992	KIF15	-8.426
422	2239	GPC4	-8.44
423	1183	CLCN4	-8.441
424	2530	FUT8	-8.444
425	26235	FBXL4	-8.448
426	1836	SLC26A2	-8.453
427	1144	CHRND	-8.455
428	9126	SMC3	-8.458
429	55572	FOXRED1	-8.458
430	55503	TRPV6	-8.471
431	53834	FGFRL1	-8.473
432	1663	DDX11	-8.48
433	6509	SLC1A4	-8.499
434	7080	NKX2-1	-8.5
435	4329	ALDH6A1	-8.512
436	7474	WNT5A	-8.517
437	6909	TBX2	-8.531
438	6660	SOX5	-8.54
439	2645	GCK	-8.562
440	6469	SHH	-8.566
441	55699	IARS2	-8.566
442	23065	EMC1	-8.57
443	10585	POMT1	-8.576
444	50814	NSDHL	-8.582
445	23258	DENND5A	-8.583
446	56006	SMG9	-8.594
447	84153	RNASEH2C	-8.599
448	2737	GLI3	-8.613
449	55621	TRMT1	-8.636
450	11160	ERLIN2	-8.637
451	81857	MED25	-8.644
452	55975	KLHL7	-8.646
453	1644	DDC	-8.669
454	3658	IREB2	-8.672
455	6326	SCN2A	-8.686
456	79718	TBL1XR1	-8.687
457	5591	PRKDC	-8.688
458	134701	RIPPLY2	-8.689
459	10472	ZBTB18	-8.699
460	6499	SKIV2L	-8.723
461	1301	COL11A1	-8.747
462	113246	C12ORF57	-8.761
463	1917	EEF1A2	-8.762
464	91754	NEK9	-8.767
465	3054	HCFC1	-8.784
466	5189	PEX1	-8.786
467	5000	ORC4	-8.787
468	11154	AP4S1	-8.795
469	3651	PDX1	-8.813
470	9181	ARHGEF2	-8.831
471	5325	PLAGL1	-8.834
472	9568	GABBR2	-8.842
473	23363	OBSL1	-8.852
474	1947	EFNB1	-8.855
475	29072	SETD2	-8.863
476	5818	NECTIN1	-8.87
477	111	ADCY5	-8.879
478	2720	GLB1	-8.884
479	2961	GTF2E2	-8.884
480	9179	AP4M1	-8.888
481	2582	GALE	-8.897
482	6228	RPS23	-8.903
483	1134	CHRNA1	-8.906
484	2074	ERCC6	-8.91
485	55697	VAC14	-8.914
486	150468	CKAP2L	-8.923
487	440138	ALG11	-8.949
488	9698	PUM1	-8.95
489	56521	DNAJC12	-8.953
490	6748	SSR4	-8.976
491	50937	CDON	-8.979
492	23483	TGDS	-8.979
493	5921	RASA1	-8.982
494	2639	GCDH	-8.986
495	92935	MARS2	-8.992
496	5159	PDGFRB	-9.008
497	2314	FLII	-9.015
498	139411	PTCHD1	-9.016
499	3630	INS	-9.035
500	27445	PCLO	-9.036
501	58508	KMT2C	-9.04
502	55835	CENPJ	-9.065
503	4038	LRP4	-9.076
504	259266	ASPM	-9.082
505	23404	EXOSC2	-9.096
506	26227	PHGDH	-9.097
507	9131	AIFM1	-9.102
508	2218	FKTN	-9.107
509	3763	KCNJ6	-9.136
510	246329	STAC3	-9.137
511	55823	VPS11	-9.157
512	78989	COLEC11	-9.164
513	5879	RAC1	-9.166
514	7436	VLDLR	-9.198
515	2334	AFF2	-9.201
516	51660	MPC1	-9.214
517	6638	SNRPN	-9.215
518	10274	STAG1	-9.217
519	3653	IPW	-9.237
520	8818	DPM2	-9.24
521	186	AGTR2	-9.24
522	2782	GNB1	-9.255
523	4081	MAB21L1	-9.259
524	3955	LFNG	-9.262
525	5261	PHKG2	-9.281
526	375	ARF1	-9.293
527	8925	HERC1	-9.293
528	51684	SUFU	-9.313
529	2733	GLE1	-9.317
530	10382	TUBB4A	-9.318
531	340533	NEXMIF	-9.324
532	4247	MGAT2	-9.328
533	1605	DAG1	-9.338
534	54941	RNF125	-9.341
535	5500	PPP1CB	-9.355
536	9496	TBX4	-9.36
537	8867	SYNJ1	-9.367
538	10907	TXNL4A	-9.367
539	2627	GATA6	-9.381
540	57122	NUP107	-9.381
541	9759	HDAC4	-9.383
542	129563	DIS3L2	-9.388
543	51412	ACTL6B	-9.389
544	2972	BRF1	-9.411
545	284098	PIGW	-9.417
546	51319	RSRC1	-9.433
547	22931	RAB18	-9.434
548	3708	ITPR1	-9.445
549	549	AUH	-9.454
550	2563	GABRD	-9.464
551	1108	CHD4	-9.467
552	157680	VPS13B	-9.467
553	9632	SEC24C	-9.467
554	132	ADK	-9.479
555	9378	NRXN1	-9.483
556	57061	HYMAI	-9.486
557	2535	FZD2	-9.491
558	6901	TAZ	-9.504
559	1778	DYNC1H1	-9.506
560	7102	TSPAN7	-9.511
561	2313	FLI1	-9.525
562	57520	HECW2	-9.53
563	160418	TMTC3	-9.537
564	4649	MYO9A	-9.539
565	16	AARS1	-9.552
566	8481	OFD1	-9.572
567	145624	PWAR1	-9.574
568	53335	BCL11A	-9.578
569	7467	WHCR	-9.588
570	3339	HSPG2	-9.599
571	2248	FGF3	-9.618
572	7273	TTN	-9.625
573	6904	TBCD	-9.625
574	51256	TBC1D7	-9.633
575	81620	CDT1	-9.646
576	84231	TRAF7	-9.66
577	9949	AMMECR1	-9.668
578	54681	P4HTM	-9.675
579	2006	ELN	-9.678
580	3800	KIF5C	-9.69
581	221037	JMJD1C	-9.69
582	3176	HNMT	-9.699
583	89891	WDR34	-9.705
584	57539	WDR35	-9.711
585	7337	UBE3A	-9.734
586	51103	NDUFAF1	-9.745
587	29925	GMPPB	-9.747
588	29968	PSAT1	-9.763
589	284439	SLC25A42	-9.763
590	3643	INSR	-9.771
591	9723	SEMA3E	-9.789
592	791114	PWRN1	-9.79
593	4692	NDN	-9.799
594	91179	SCARF2	-9.813
595	4838	NODAL	-9.817
596	22856	CHSY1	-9.822
597	10293	TRAIP	-9.829
598	2072	ERCC4	-9.832
599	701	BUB1B	-9.833
600	23742	NPAP1	-9.833
601	7518	XRCC4	-9.847
602	5723	PSPH	-9.852
603	54880	BCOR	-9.853
604	85021	REPS1	-9.86
605	10290	SPEG	-9.883
606	1161	ERCC8	-9.891
607	285590	SH3PXD2B	-9.896
608	9325	TRIP4	-9.913
609	80326	WNT10A	-9.916
610	23327	NEDD4L	-9.923
611	128637	TBC1D20	-9.923
612	57545	CC2D2A	-9.936
613	7737	RNF113A	-9.941
614	26277	TINF2	-9.951
615	4952	OCRL	-9.958
616	131118	DNAJC19	-9.984
617	5830	PEX5	-9.99
618	6448	SGSH	-9.991
619	5256	PHKA2	-10.014
620	57724	EPG5	-10.027
621	545	ATR	-10.03
622	55331	ACER3	-10.036
623	7173	TPO	-10.039
624	7353	UFD1	-10.039
625	2706	GJB2	-10.043
626	55154	MSTO1	-10.051
627	51085	MLXIPL	-10.058
628	2623	GATA1	-10.058
629	157570	ESCO2	-10.06
630	2189	FANCG	-10.062
631	9820	CUL7	-10.069
632	4036	LRP2	-10.073
633	23111	SPART	-10.073
634	10108	MKRN3-AS1	-10.076
635	6334	SCN8A	-10.086
636	1499	CTNNB1	-10.091
637	9459	ARHGEF6	-10.093
638	8985	PLOD3	-10.094
639	4750	NEK1	-10.097
640	286262	TPRN	-10.117
641	58497	PRUNE1	-10.124
642	10682	EBP	-10.125
643	1801	DPH1	-10.126
644	79641	ROGDI	-10.134
645	9711	RUBCN	-10.142
646	6496	SIX3	-10.144
647	6897	TARS1	-10.144
648	6855	SYP	-10.16
649	338433	SNORD115-1	-10.169
650	124512	METTL23	-10.178
651	121340	SP7	-10.183
652	79633	FAT4	-10.19
653	5908	RAP1B	-10.19
654	6678	SPARC	-10.191
655	79644	SRD5A3	-10.194
656	114548	NLRP3	-10.203
657	5116	PCNT	-10.233
658	51763	INPP5K	-10.255
659	9922	IQSEC1	-10.26
660	5573	PRKAR1A	-10.265
661	2911	GRM1	-10.271
662	55012	PPP2R3C	-10.271
663	9702	CEP57	-10.278
664	23431	AP4E1	-10.298
665	63035	BCORL1	-10.298
666	84162	KIAA1109	-10.306
667	2744	GLS	-10.31
668	112939	NACC1	-10.324
669	80144	FRAS1	-10.326
670	126792	B3GALT6	-10.328
671	219844	HYLS1	-10.328
672	79791	FBXO31	-10.334
673	23512	SUZ12	-10.334
674	3188	HNRNPH2	-10.336
675	80324	PUS1	-10.344
676	3481	IGF2	-10.351
677	3340	NDST1	-10.355
678	8733	GPAA1	-10.356
679	51132	RLIM	-10.36
680	166378	SPATA5	-10.362
681	650	BMP2	-10.373
682	5160	PDHA1	-10.374
683	55768	NGLY1	-10.377
684	774	CACNA1B	-10.382
685	26123	TCTN3	-10.383
686	92335	STRADA	-10.387
687	7991	TUSC3	-10.402
688	124997	WDR81	-10.407
689	773	CACNA1A	-10.409
690	25970	SH2B1	-10.409
691	375790	AGRN	-10.411
692	51294	PCDH12	-10.424
693	9841	ZBTB24	-10.43
694	7701	ZNF142	-10.464
695	6390	SDHB	-10.472
696	23247	KIAA0556	-10.48
697	112858	TP53RK	-10.483
698	79053	ALG8	-10.488
699	5932	RBBP8	-10.498
700	23118	TAB2	-10.499
701	4552	MTRR	-10.499
702	26503	SLC17A5	-10.504
703	2702	GJA5	-10.527
704	81570	CLPB	-10.536
705	5279	PIGC	-10.546
706	9255	AIMP1	-10.547
707	57217	TTC7A	-10.553
708	686	BTD	-10.556
709	51067	YARS2	-10.566
710	9091	PIGQ	-10.572
711	9581	PREPL	-10.598
712	80055	PGAP1	-10.607
713	5594	MAPK1	-10.61
714	1188	CLCNKB	-10.62
715	404672	GTF2H5	-10.622
716	9918	NCAPD2	-10.632
717	51604	PIGT	-10.634
718	22930	RAB3GAP1	-10.638
719	4700	NDUFA6	-10.64
720	51199	NIN	-10.658
721	51300	TIMMDC1	-10.667
722	9184	BUB3	-10.67
723	551	AVP	-10.677
724	1718	DHCR24	-10.681
725	9990	SLC12A6	-10.682
726	65082	VPS33A	-10.685
727	2902	GRIN1	-10.686
728	81031	SLC2A10	-10.69
729	1349	COX7B	-10.699
730	28981	IFT81	-10.706
731	5393	EXOSC9	-10.715
732	818	CAMK2G	-10.719
733	2619	GAS1	-10.72
734	2664	GDI1	-10.728
735	51520	LARS1	-10.729
736	8626	TP63	-10.731
737	5621	PRNP	-10.737
738	2261	FGFR3	-10.74
739	2799	GNS	-10.751
740	2077	ERF	-10.761
741	8888	MCM3AP	-10.775
742	347344	ZNF81	-10.778
743	5073	PARN	-10.781
744	9150	CTDP1	-10.783
745	8241	RBM10	-10.783
746	26005	C2CD3	-10.787
747	57688	ZSWIM6	-10.794
748	83987	CCDC8	-10.796
749	7021	TFAP2B	-10.8
750	5824	PEX19	-10.802
751	23233	EXOC6B	-10.807
752	8813	DPM1	-10.814
753	4281	MID1	-10.819
754	26100	WIPI2	-10.829
755	5075	PAX1	-10.829
756	1785	DNM2	-10.856
757	745	MYRF	-10.87
758	9244	CRLF1	-10.87
759	51002	TPRKB	-10.873
760	84947	SERAC1	-10.875
761	57102	C12ORF4	-10.881
762	2187	FANCB	-10.881
763	6497	SKI	-10.896
764	6628	SNRPB	-10.898
765	89970	RSPRY1	-10.898
766	1139	CHRNA7	-10.9
767	80311	KLHL15	-10.906
768	8738	CRADD	-10.908
769	26128	KIFBP	-10.91
770	2259	FGF14	-10.922
771	10730	YME1L1	-10.925
772	51651	PTRH2	-10.927
773	56479	KCNQ5	-10.928
774	56052	ALG1	-10.929
775	4337	MOCS1	-10.931
776	10060	ABCC9	-10.934
777	1788	DNMT3A	-10.945
778	79876	UBA5	-10.951
779	7201	TRHR	-10.955
780	114034	TOE1	-10.962
781	136647	MPLKIP	-10.966
782	254065	BRWD3	-10.968
783	51244	CCDC174	-10.97
784	51501	HIKESHI	-10.97
785	79143	MBOAT7	-10.975
786	7054	TH	-10.98
787	7291	TWIST1	-10.982
788	4338	MOCS2	-10.982
789	5906	RAP1A	-10.985
790	51117	COQ4	-10.993
791	6774	STAT3	-10.998
792	54539	NDUFB11	-10.998
793	1292	COL6A2	-10.999
794	25915	NDUFAF3	-11.0
795	2067	ERCC1	-11.005
796	2178	FANCE	-11.014
797	284217	LAMA1	-11.014
798	55773	TBC1D23	-11.02
799	7531	YWHAE	-11.026
800	51111	KMT5B	-11.031
801	63925	ZNF335	-11.036
802	2131	EXT1	-11.039
803	288	ANK3	-11.05
804	8928	FOXH1	-11.057
805	526	ATP6V1B2	-11.072
806	8777	MPDZ	-11.074
807	84706	GPT2	-11.091
808	79068	FTO	-11.093
809	7466	WFS1	-11.094
810	9037	SEMA5A	-11.095
811	652	BMP4	-11.121
812	3199	HOXA2	-11.121
813	4285	MIPEP	-11.121
814	55788	LMBRD1	-11.127
815	7681	MKRN3	-11.13
816	84879	MFSD2A	-11.131
817	57082	KNL1	-11.131
818	51741	WWOX	-11.148
819	4094	MAF	-11.163
820	7170	TPM3	-11.164
821	1305	COL13A1	-11.165
822	23152	CIC	-11.174
823	2710	GK	-11.179
824	201595	STT3B	-11.18
825	6616	SNAP25	-11.184
826	153241	CEP120	-11.186
827	92609	TIMM50	-11.19
828	478	ATP1A3	-11.194
829	8309	ACOX2	-11.197
830	6513	SLC2A1	-11.2
831	10013	HDAC6	-11.207
832	30008	EFEMP2	-11.217
833	55084	SOBP	-11.22
834	5351	PLOD1	-11.221
835	2257	FGF12	-11.226
836	2175	FANCA	-11.227
837	10082	GPC6	-11.228
838	55624	POMGNT1	-11.236
839	1795	DOCK3	-11.238
840	644096	SDHAF1	-11.244
841	55670	PEX26	-11.247
842	2253	FGF8	-11.256
843	84705	GTPBP3	-11.256
844	8812	CCNK	-11.264
845	2903	GRIN2A	-11.264
846	191	AHCY	-11.265
847	57211	ADGRG6	-11.278
848	10297	APC2	-11.279
849	29954	POMT2	-11.283
850	57697	FANCM	-11.296
851	51574	LARP7	-11.296
852	9719	ADAMTSL2	-11.298
853	1798	DPAGT1	-11.299
854	513	ATP5F1D	-11.306
855	55704	CCDC88A	-11.31
856	23414	ZFPM2	-11.313
857	22854	NTNG1	-11.317
858	641	BLM	-11.321
859	3739	KCNA4	-11.324
860	55526	DHTKD1	-11.325
861	23732	FRRS1L	-11.327
862	443	ASPA	-11.332
863	11113	CIT	-11.337
864	79823	CAMKMT	-11.34
865	1759	DNM1	-11.341
866	3737	KCNA2	-11.341
867	58	ACTA1	-11.342
868	6531	SLC6A3	-11.349
869	22983	MAST1	-11.351
870	6576	SLC25A1	-11.363
871	9837	GINS1	-11.365
872	79228	THOC6	-11.368
873	999	CDH1	-11.374
874	406932	MIR140	-11.376
875	80224	NUBPL	-11.382
876	197131	UBR1	-11.384
877	7169	TPM2	-11.388
878	23114	NFASC	-11.392
879	2192	FBLN1	-11.393
880	6392	SDHD	-11.395
881	10102	TSFM	-11.4
882	6572	SLC18A3	-11.408
883	9200	HACD1	-11.414
884	9526	MPDU1	-11.417
885	4091	SMAD6	-11.418
886	23322	RPGRIP1L	-11.425
887	51317	PHF21A	-11.426
888	10324	KLHL41	-11.438
889	6928	HNF1B	-11.441
890	3376	IARS1	-11.458
891	4703	NEB	-11.459
892	3782	KCNN3	-11.459
893	5495	PPM1B	-11.46
894	5631	PRPS1	-11.465
895	613	BCR	-11.47
896	1303	COL12A1	-11.475
897	2121	EVC	-11.479
898	6301	SARS1	-11.484
899	1186	CLCN7	-11.485
900	5828	PEX2	-11.487
901	51569	UFM1	-11.494
902	94005	PIGS	-11.5
903	6772	STAT1	-11.505
904	168667	BMPER	-11.508
905	1028	CDKN1C	-11.512
906	10667	FARS2	-11.521
907	1501	CTNND2	-11.528
908	9401	RECQL4	-11.53
909	9791	PTDSS1	-11.537
910	79631	EFL1	-11.537
911	80155	NAA15	-11.54
912	83879	CDCA7	-11.542
913	2898	GRIK2	-11.551
914	8635	RNASET2	-11.553
915	3785	KCNQ2	-11.556
916	51114	ZDHHC9	-11.557
917	10771	ZMYND11	-11.558
918	10159	ATP6AP2	-11.559
919	138050	HGSNAT	-11.56
920	3097	HIVEP2	-11.567
921	4591	TRIM37	-11.568
922	6506	SLC1A2	-11.569
923	55149	MTPAP	-11.584
924	8036	SHOC2	-11.587
925	3064	HTT	-11.595
926	4125	MAN2B1	-11.597
927	79947	DHDDS	-11.603
928	4915	NTRK2	-11.609
929	10229	COQ7	-11.612
930	57526	PCDH19	-11.617
931	1736	DKC1	-11.618
932	23203	PMPCA	-11.632
933	148789	B3GALNT2	-11.637
934	55870	ASH1L	-11.639
935	2969	GTF2I	-11.64
936	23345	SYNE1	-11.648
937	5805	PTS	-11.648
938	55280	CWF19L1	-11.651
939	4720	NDUFS2	-11.669
940	51594	NBAS	-11.67
941	87178	PNPT1	-11.672
942	9409	PEX16	-11.677
943	22995	CEP152	-11.678
944	10584	COLEC10	-11.684
945	6234	RPS28	-11.696
946	54084	TSPEAR	-11.701
947	9215	LARGE1	-11.707
948	25977	NECAP1	-11.71
949	4774	NFIA	-11.711
950	2464	FRA16E	-11.715
951	57017	COQ9	-11.722
952	8050	PDHX	-11.725
953	92344	GORAB	-11.731
954	4054	LTBP3	-11.734
955	8318	CDC45	-11.736
956	7965	AIMP2	-11.743
957	6095	RORA	-11.76
958	7050	TGIF1	-11.763
959	6843	VAMP1	-11.766
960	7025	NR2F1	-11.767
961	790955	UQCC3	-11.77
962	5913	RAPSN	-11.782
963	501	ALDH7A1	-11.795
964	1356	CP	-11.804
965	7015	TERT	-11.806
966	5111	PCNA	-11.814
967	11019	LIAS	-11.817
968	1789	DNMT3B	-11.819
969	81603	TRIM8	-11.827
970	100506658	OCLN	-11.84
971	1277	COL1A1	-11.843
972	55262	MAP11	-11.846
973	25821	MTO1	-11.853
974	22906	TRAK1	-11.856
975	23400	ATP13A2	-11.856
976	7430	EZR	-11.856
977	93986	FOXP2	-11.859
978	5530	PPP3CA	-11.861
979	23334	SZT2	-11.861
980	84197	POMK	-11.863
981	1650	DDOST	-11.872
982	9662	CEP135	-11.875
983	4174	MCM5	-11.883
984	22	ABCB7	-11.884
985	8575	PRKRA	-11.886
986	4256	MGP	-11.89
987	85301	COL27A1	-11.892
988	23529	CLCF1	-11.907
989	3077	HFE	-11.908
990	162417	NAGS	-11.919
991	3745	KCNB1	-11.921
992	4618	MYF6	-11.937
993	10370	CITED2	-11.94
994	54903	MKS1	-11.942
995	29078	NDUFAF4	-11.944
996	55640	FLVCR2	-11.947
997	165	AEBP1	-11.949
998	6997	TDGF1	-11.957
999	582	BBS1	-11.967
1000	4508	NotFound*	-11.969
